                  Temp   Out    Dew  Wind  Wind               
  Date    Time     Out   Hum    Pt. Speed   Dir   Bar    Rain 
------------------------------------------------------------- 
20190611  0 05   25.4    96   24.8   0.0 -99.9  1003.6  0.00 
20190611  0 10   25.4    96   24.8   0.0 -99.9  1003.5  0.00 
20190611  0 15   25.4    96   24.7   0.0 -99.9  1003.5  0.00 
20190611  0 20   25.4    96   24.7   0.0 -99.9  1003.4  0.00 
20190611  0 25   25.3    96   24.6   0.0 -99.9  1003.4  0.00 
20190611  0 30   25.3    96   24.6   0.0 -99.9  1003.3  0.00 
20190611  0 35   25.4    96   24.7   0.0 -99.9  1003.3  0.00 
20190611  0 40   25.3    96   24.6   0.0 -99.9  1003.2  0.00 
20190611  0 45   25.3    96   24.6   0.0 -99.9  1003.1  0.00 
20190611  0 50   25.3    96   24.6   0.0 -99.9  1003.0  0.00 
20190611  0 55   25.3    96   24.6   0.0 -99.9  1002.8  0.00 
20190611  1 00   25.3    96   24.6   0.0 -99.9  1002.9  0.00 
20190611  1 05   25.3    96   24.6   0.0 -99.9  1002.9  0.00 
20190611  1 10   25.3    96   24.6   0.0 -99.9  1002.8  0.00 
20190611  1 15   25.4    96   24.7   0.0 -99.9  1002.8  0.00 
20190611  1 20   25.3    96   24.6   0.0 -99.9  1002.7  0.00 
20190611  1 25   25.3    96   24.6   0.0 -99.9  1002.6  0.00 
20190611  1 30   25.3    96   24.6   0.0 -99.9  1002.5  0.00 
20190611  1 35   25.4    96   24.7   0.0 -99.9  1002.5  0.00 
20190611  1 40   25.3    96   24.6   0.0 -99.9  1002.5  0.00 
20190611  1 45   25.4    96   24.7   0.0 -99.9  1002.5  0.00 
20190611  1 50   25.4    96   24.7   0.0 -99.9  1002.5  0.00 
20190611  1 55   25.4    96   24.7   0.0 -99.9  1002.5  0.00 
20190611  2 00   25.4    96   24.7   0.0 -99.9  1002.4  0.00 
20190611  2 05   25.4    96   24.7   0.0 -99.9  1002.4  0.00 
20190611  2 10   25.4    96   24.7   0.0 -99.9  1002.4  0.00 
20190611  2 15   25.4    96   24.7   0.0 -99.9  1002.3  0.00 
20190611  2 20   25.4    96   24.8   0.0 -99.9  1002.4  0.00 
20190611  2 25   25.4    96   24.8   0.0 -99.9  1002.5  0.00 
20190611  2 30   25.4    96   24.8   0.0 -99.9  1002.5  0.00 
20190611  2 35   25.5    96   24.8   0.0 -99.9  1002.4  0.00 
20190611  2 40   25.5    96   24.8   0.0 -99.9  1002.4  0.20 
20190611  2 45   25.5    96   24.8   0.0 -99.9  1002.5  0.00 
20190611  2 50   25.6    96   24.9   0.0 -99.9  1002.5  0.00 
20190611  2 55   25.6    96   24.9   0.0 -99.9  1002.5  0.00 
20190611  3 00   25.6    96   24.9   0.0 -99.9  1002.5  0.00 
20190611  3 05   25.6    96   24.9   0.0 -99.9  1002.6  0.20 
20190611  3 10   25.6    96   24.9   0.0 -99.9  1002.7  0.20 
20190611  3 15   25.6    96   24.9   0.0 -99.9  1002.7  0.00 
20190611  3 20   25.6    96   24.9   0.0 -99.9  1002.6  0.20 
20190611  3 25   25.6    96   24.9   0.0 -99.9  1002.6  0.20 
20190611  3 30   25.7    97   25.2   0.0 -99.9  1002.5  0.40 
20190611  3 35   25.7    96   25.0   0.0 -99.9  1002.4  0.00 
20190611  3 40   25.7    96   25.0   0.0 -99.9  1002.4  0.20 
20190611  3 45   25.6    96   24.9   0.0 -99.9  1002.4  0.20 
20190611  3 50   25.7    97   25.2   0.0 -99.9  1002.2  0.20 
20190611  3 55   25.7    96   25.0   0.0 -99.9  1002.3  0.20 
20190611  4 00   25.7    96   25.0   0.0 -99.9  1002.3  0.00 
20190611  4 05   25.7    97   25.2   0.0 -99.9  1002.3  0.20 
20190611  4 10   25.7    97   25.2   0.0 -99.9  1002.2  0.20 
20190611  4 15   25.6    96   24.9   0.0 -99.9  1002.4  0.00 
20190611  4 20   25.6    96   24.9   0.0 -99.9  1002.5  0.00 
20190611  4 25   25.6    96   24.9   0.0 -99.9  1002.5  0.00 
20190611  4 30   25.7    97   25.2   0.0 -99.9  1002.6  0.00 
20190611  4 35   25.6    97   25.1   0.0 -99.9  1002.8  0.00 
20190611  4 40   25.6    96   24.9   0.0 -99.9  1002.9  0.40 
20190611  4 45   25.6    96   24.9   0.0 -99.9  1003.0  0.40 
20190611  4 50   25.6    97   25.1   0.0 -99.9  1003.0  0.60 
20190611  4 55   25.6    96   24.9   0.0 -99.9  1003.1  0.40 
20190611  5 00   25.6    97   25.1   0.0 -99.9  1003.1  0.40 
20190611  5 05   25.6    97   25.1   0.0 -99.9  1003.1  0.40 
20190611  5 10   25.6    96   24.9   0.0 -99.9  1003.2  0.60 
20190611  5 15   25.6    96   24.9   0.0 -99.9  1003.3  0.60 
20190611  5 20   25.6    97   25.0   0.0 -99.9  1003.2  0.60 
20190611  5 25   25.6    97   25.0   0.0 -99.9  1003.2  0.40 
20190611  5 30   25.5    97   25.0   0.0 -99.9  1003.2  0.40 
20190611  5 35   25.5    97   25.0   0.0 -99.9  1003.2  0.40 
20190611  5 40   25.4    97   24.9   0.0 -99.9  1003.2  0.80 
20190611  5 45   25.4    97   24.9   0.0 -99.9  1003.1  0.40 
20190611  5 50   25.4    97   24.9   0.0 -99.9  1003.1  0.60 
20190611  5 55   25.4    97   24.9   0.0 -99.9  1003.1  0.60 
20190611  6 00   25.4    97   24.9   0.0 -99.9  1003.2  0.40 
20190611  6 05   25.4    97   24.9   0.0 -99.9  1003.5  0.40 
20190611  6 10   25.4    97   24.9   0.0 -99.9  1003.6  0.60 
20190611  6 15   25.4    97   24.9   0.0 -99.9  1003.6  1.60 
20190611  6 20   25.4    97   24.9   0.0 -99.9  1003.5  1.80 
20190611  6 25   25.4    97   24.9   0.0 112.5  1003.4  0.60 
20190611  6 30   25.4    97   24.9   0.0  22.5  1003.4  0.60 
20190611  6 35   25.4    97   24.9   0.0 112.5  1003.6  0.40 
20190611  6 40   25.4    97   24.9   0.0 -99.9  1003.8  0.40 
20190611  6 45   25.4    97   24.9   0.0 -99.9  1003.9  0.40 
20190611  6 50   25.4    97   24.9   0.0 135.0  1004.1  0.20 
20190611  6 55   25.4    97   24.9   0.0 -99.9  1004.2  0.20 
20190611  7 00   25.4    97   24.9   0.0 -99.9  1004.0  1.20 
20190611  7 05   25.3    97   24.8   0.0 -99.9  1004.0  1.20 
20190611  7 10   25.3    97   24.8   0.0 -99.9  1004.1  0.20 
20190611  7 15   25.4    97   24.9   0.0 -99.9  1004.1  0.00 
20190611  7 20   25.4    97   24.9   0.0 -99.9  1004.1  0.20 
20190611  7 25   25.4    97   24.9   0.0 -99.9  1004.2  0.00 
20190611  7 30   25.3    97   24.8   0.0 -99.9  1004.1  0.60 
20190611  7 35   25.3    97   24.8   0.0 -99.9  1004.1  0.20 
20190611  7 40   25.3    97   24.8   0.0 337.5  1004.0  0.20 
20190611  7 45   25.3    97   24.8   0.0  45.0  1003.8  0.40 
20190611  7 50   25.3    97   24.8   0.0  90.0  1004.0  0.00 
20190611  7 55   25.3    97   24.8   0.0 135.0  1004.0  0.20 
20190611  8 00   25.2    97   24.7   0.0 135.0  1004.1  0.00 
20190611  8 05   25.3    97   24.8   0.0 135.0  1004.2  0.00 
20190611  8 10   25.3    97   24.8   0.0  90.0  1004.3  0.00 
20190611  8 15   25.3    97   24.8   0.0 -99.9  1004.4  0.00 
20190611  8 20   25.2    97   24.7   0.0 -99.9  1004.5  0.20 
20190611  8 25   25.2    97   24.7   0.0 -99.9  1004.5  0.80 
20190611  8 30   25.2    97   24.7   0.0 -99.9  1004.5  0.00 
20190611  8 35   25.2    97   24.7   0.0 135.0  1004.6  0.00 
20190611  8 40   25.2    97   24.7   0.0 -99.9  1004.6  0.00 
20190611  8 45   25.2    97   24.7   0.0 -99.9  1004.7  0.20 
20190611  8 50   25.2    97   24.7   0.0 -99.9  1004.6  0.00 
20190611  8 55   25.3    97   24.8   0.0 -99.9  1004.6  0.00 
20190611  9 00   25.3    97   24.8   0.0 -99.9  1004.4  0.20 
20190611  9 05   25.2    97   24.7   0.0 157.5  1004.1  0.00 
20190611  9 10   25.3    97   24.8   0.0 -99.9  1004.1  0.20 
20190611  9 15   25.3    97   24.8   0.0 135.0  1004.2  0.00 
20190611  9 20   25.3    97   24.8   0.0 -99.9  1004.1  0.00 
20190611  9 25   25.4    97   24.9   0.0 -99.9  1004.2  0.00 
20190611  9 30   25.4    97   24.9   0.0  90.0  1004.1  0.00 
20190611  9 35   25.2    97   24.7   0.0  45.0  1004.1  0.00 
20190611  9 40   25.1    97   24.6   0.0  90.0  1004.1  0.00 
20190611  9 45   25.1    97   24.5   0.0  45.0  1004.2  0.00 
20190611  9 50   25.0    97   24.5   0.0 -99.9  1004.3  0.20 
20190611  9 55   24.9    97   24.4   0.0 -99.9  1004.2  0.00 
20190611 10 00   24.9    97   24.4   0.0 112.5  1004.3  0.00 
20190611 10 05   24.8    97   24.3   0.0 -99.9  1004.3  0.00 
20190611 10 10   24.8    97   24.3   0.0 112.5  1004.4  0.00 
20190611 10 15   24.8    97   24.3   0.0 112.5  1004.5  0.00 
20190611 10 20   24.8    97   24.3   0.0 -99.9  1004.3  0.20 
20190611 10 25   24.8    97   24.3   0.0 -99.9  1004.1  0.00 
20190611 10 30   24.8    97   24.3   0.0  45.0  1004.1  0.00 
20190611 10 35   24.8    97   24.3   0.0 -99.9  1004.1  0.00 
20190611 10 40   24.8    97   24.3   0.0   0.0  1004.1  0.00 
20190611 10 45   24.8    97   24.3   0.0 315.0  1004.1  0.20 
20190611 10 50   24.8    97   24.3   0.0 -99.9  1004.2  0.60 
20190611 10 55   24.8    97   24.3   0.0 -99.9  1004.1  0.40 
20190611 11 00   24.8    97   24.3   0.0 135.0  1004.0  0.00 
20190611 11 05   24.8    97   24.3   0.0 -99.9  1004.0  0.20 
20190611 11 10   24.8    97   24.3   0.0 112.5  1003.9  0.40 
20190611 11 15   24.7    97   24.2   0.0 135.0  1004.1  0.20 
20190611 11 20   24.8    97   24.3   0.0 -99.9  1004.2  0.40 
20190611 11 25   24.7    97   24.2   0.0 -99.9  1004.5  1.20 
20190611 11 30   24.7    97   24.2   0.0 -99.9  1004.5  0.80 
20190611 11 35   24.7    97   24.2   0.0 135.0  1004.4  1.00 
20190611 11 40   24.7    97   24.2   0.0 -99.9  1004.4  1.40 
20190611 11 45   24.6    97   24.0   0.0 135.0  1004.3  1.20 
20190611 11 50   24.4    97   23.9   0.0 135.0  1004.3  1.80 
20190611 11 55   24.3    97   23.8   0.0  90.0  1004.2  1.20 
20190611 12 00   24.1    97   23.6   0.0 180.0  1004.3  1.20 
20190611 12 05   24.0    97   23.5   0.4 112.5  1004.1  0.60 
20190611 12 10   24.0    97   23.5   0.0 135.0  1004.3  0.80 
20190611 12 15   24.0    97   23.5   0.4 135.0  1004.3  0.80 
20190611 12 20   24.0    97   23.5   0.0 135.0  1004.3  0.80 
20190611 12 25   24.1    97   23.5   0.0 135.0  1004.3  1.40 
20190611 12 30   24.1    97   23.5   0.0 135.0  1004.2  1.00 
20190611 12 35   24.1    97   23.6   0.0  22.5  1004.2  0.40 
20190611 12 40   24.2    97   23.7   0.0 -99.9  1004.2  0.40 
20190611 12 45   24.0    97   23.5   0.0 315.0  1004.1  0.40 
20190611 12 50   24.0    97   23.5   0.0 157.5  1004.1  0.40 
20190611 12 55   24.1    97   23.5   0.4  45.0  1004.1  0.20 
20190611 13 00   24.0    97   23.5   0.0 157.5  1004.0  0.20 
20190611 13 05   24.0    97   23.5   0.0 -99.9  1004.1  0.00 
20190611 13 10   23.9    97   23.4   0.0  22.5  1004.1  0.20 
20190611 13 15   23.9    97   23.4   0.0 135.0  1004.2  0.40 
20190611 13 20   23.8    97   23.3   0.0 135.0  1004.2  0.20 
20190611 13 25   23.7    97   23.2   0.0  67.5  1004.2  0.20 
20190611 13 30   23.7    97   23.2   0.0  67.5  1004.3  0.00 
20190611 13 35   23.7    97   23.2   0.0  90.0  1004.3  0.20 
20190611 13 40   23.6    97   23.1   0.0 112.5  1004.3  0.00 
20190611 13 45   23.6    97   23.1   0.0  22.5  1004.3  0.20 
20190611 13 50   23.6    97   23.1   0.0  45.0  1004.3  0.20 
20190611 13 55   23.5    97   23.0   0.0 225.0  1004.4  0.00 
20190611 14 00   23.5    97   23.0   0.0  22.5  1004.4  0.00 
20190611 14 05   23.4    97   22.9   0.0   0.0  1004.4  0.00 
20190611 14 10   23.4    97   22.9   0.4 315.0  1004.4  0.00 
20190611 14 15   23.4    97   22.9   0.0  22.5  1004.4  0.00 
20190611 14 20   23.4    97   22.9   0.4 202.5  1004.4  0.20 
20190611 14 25   23.4    97   22.9   0.0 135.0  1004.4  0.00 
20190611 14 30   23.5    97   23.0   0.0 135.0  1004.4  0.00 
20190611 14 35   23.4    97   22.9   0.0  45.0  1004.5  0.20 
20190611 14 40   23.4    97   22.9   0.4 112.5  1004.6  0.20 
20190611 14 45   23.4    97   22.9   0.4 135.0  1004.6  0.00 
20190611 14 50   23.4    97   22.9   0.0  45.0  1004.6  0.00 
20190611 14 55   23.4    97   22.9   0.0 -99.9  1004.7  0.20 
20190611 15 00   23.4    97   22.9   0.0 112.5  1004.7  0.00 
20190611 15 05   23.4    97   22.9   0.0 135.0  1004.7  0.20 
20190611 15 10   23.4    97   22.9   0.0 -99.9  1004.7  0.00 
20190611 15 15   23.3    97   22.8   0.0 135.0  1004.7  0.00 
20190611 15 20   23.3    97   22.8   0.0 135.0  1004.7  0.00 
20190611 15 25   23.3    97   22.8   0.0 112.5  1004.7  0.20 
20190611 15 30   23.3    97   22.8   0.0  45.0  1004.7  0.00 
20190611 15 35   23.3    97   22.8   0.0 -99.9  1004.7  0.00 
20190611 15 40   23.3    97   22.8   0.0 112.5  1004.7  0.00 
20190611 15 45   23.2    97   22.7   0.0 -99.9  1004.8  0.20 
20190611 15 50   23.1    97   22.6   0.0 -99.9  1004.9  0.00 
20190611 15 55   23.1    97   22.6   0.0 -99.9  1004.9  0.20 
20190611 16 00   23.1    97   22.6   0.0 -99.9  1004.8  0.00 
20190611 16 05   23.1    97   22.6   0.0 -99.9  1004.7  0.00 
20190611 16 10   23.1    97   22.6   0.0 -99.9  1004.8  0.00 
20190611 16 15   23.1    97   22.6   0.0 -99.9  1004.8  0.20 
20190611 16 20   23.0    97   22.5   0.0 -99.9  1004.8  0.00 
20190611 16 25   23.1    97   22.6   0.0 -99.9  1004.9  0.20 
20190611 16 30   23.1    97   22.6   0.0 -99.9  1005.0  0.00 
20190611 16 35   23.1    97   22.6   0.0 -99.9  1005.1  0.20 
20190611 16 40   23.1    97   22.6   0.0 -99.9  1005.2  0.40 
20190611 16 45   23.1    97   22.6   0.0  45.0  1005.1  0.00 
20190611 16 50   23.1    97   22.6   0.0 -99.9  1005.3  0.20 
20190611 16 55   23.1    97   22.6   0.0 -99.9  1005.4  0.20 
20190611 17 00   23.1    97   22.6   0.0 -99.9  1005.4  0.00 
20190611 17 05   23.1    97   22.6   0.0  22.5  1005.3  0.20 
20190611 17 10   23.1    97   22.6   0.0  22.5  1005.3  0.20 
20190611 17 15   23.1    97   22.6   0.0  67.5  1005.4  0.20 
20190611 17 20   23.1    97   22.6   0.0 -99.9  1005.4  0.00 
20190611 17 25   23.1    97   22.6   0.0 -99.9  1005.5  0.20 
20190611 17 30   23.1    97   22.6   0.0 -99.9  1005.5  0.20 
20190611 17 35   23.0    97   22.5   0.0 337.5  1005.6  0.60 
20190611 17 40   23.0    97   22.5   0.0 -99.9  1005.7  0.20 
20190611 17 45   23.0    97   22.5   0.0 -99.9  1005.6  0.40 
20190611 17 50   23.0    97   22.5   0.0 -99.9  1005.6  0.40 
20190611 17 55   23.1    97   22.6   0.0 -99.9  1005.6  0.40 
20190611 18 00   23.1    97   22.6   0.0 -99.9  1005.7  0.20 
20190611 18 05   23.0    97   22.5   0.0  67.5  1005.7  0.40 
20190611 18 10   23.0    97   22.5   0.0 -99.9  1006.0  0.20 
20190611 18 15   22.9    97   22.4   0.0 -99.9  1006.1  0.20 
20190611 18 20   23.0    97   22.5   0.0 -99.9  1005.8  0.60 
20190611 18 25   22.9    97   22.4   0.0 -99.9  1005.9  1.20 
20190611 18 30   22.7    97   22.2   0.0 292.5  1006.2  0.20 
20190611 18 35   22.6    97   22.1   0.0  45.0  1006.2  0.60 
20190611 18 40   22.6    97   22.1   0.0 -99.9  1006.3  0.00 
20190611 18 45   22.7    97   22.2   0.0 -99.9  1006.2  0.40 
20190611 18 50   22.7    97   22.2   0.0 -99.9  1006.3  0.20 
20190611 18 55   22.7    97   22.2   0.0 -99.9  1006.4  0.40 
20190611 19 00   22.7    97   22.2   0.0 -99.9  1006.4  0.20 
20190611 19 05   22.7    97   22.2   0.0 -99.9  1006.4  0.00 
20190611 19 10   22.7    97   22.2   0.0 -99.9  1006.6  0.00 
20190611 19 15   22.7    97   22.2   0.0 -99.9  1006.6  0.40 
20190611 19 20   22.7    97   22.2   0.0 -99.9  1006.7  0.80 
20190611 19 25   22.7    97   22.2   0.0 -99.9  1006.6  0.80 
20190611 19 30   22.7    97   22.2   0.0 -99.9  1006.6  0.40 
20190611 19 35   22.8    97   22.3   0.0 -99.9  1006.7  1.40 
20190611 19 40   22.8    97   22.3   0.0 -99.9  1006.8  0.80 
20190611 19 45   22.8    97   22.3   0.0 -99.9  1006.8  0.60 
20190611 19 50   22.8    97   22.3   0.0 -99.9  1006.8  0.40 
20190611 19 55   22.9    98   22.6   0.0 112.5  1006.9  0.20 
20190611 20 00   22.9    98   22.6   0.0 -99.9  1007.1  0.40 
20190611 20 05   22.9    98   22.6   0.0 -99.9  1007.0  0.20 
20190611 20 10   22.9    97   22.4   0.0 -99.9  1007.0  0.40 
20190611 20 15   22.9    98   22.6   0.0 -99.9  1007.1  0.00 
20190611 20 20   22.9    98   22.6   0.0 -99.9  1007.1  0.20 
20190611 20 25   22.9    97   22.4   0.0 -99.9  1007.1  0.00 
20190611 20 30   22.8    97   22.3   0.0 -99.9  1007.2  0.20 
20190611 20 35   22.8    97   22.3   0.0 -99.9  1007.2  0.20 
20190611 20 40   22.8    97   22.3   0.0 -99.9  1007.3  0.00 
20190611 20 45   22.8    97   22.3   0.0 -99.9  1007.4  0.20 
20190611 20 50   22.8    98   22.5   0.0 -99.9  1007.4  0.00 
20190611 20 55   22.9    98   22.6   0.0 -99.9  1007.5  0.00 
20190611 21 00   22.9    98   22.6   0.0 -99.9  1007.6  0.00 
20190611 21 05   22.9    98   22.6   0.0 -99.9  1007.5  0.20 
20190611 21 10   22.9    98   22.6   0.0 -99.9  1007.6  0.00 
20190611 21 15   22.9    98   22.6   0.0 -99.9  1007.6  0.00 
20190611 21 20   22.9    98   22.6   0.0 -99.9  1007.6  0.20 
20190611 21 25   22.9    98   22.6   0.0 -99.9  1007.7  0.00 
20190611 21 30   22.9    98   22.6   0.0 -99.9  1007.7  0.00 
20190611 21 35   23.0    98   22.7   0.0 -99.9  1007.7  0.00 
20190611 21 40   23.0    98   22.7   0.0 -99.9  1007.7  0.20 
20190611 21 45   23.0    98   22.7   0.0 -99.9  1007.7  0.00 
20190611 21 50   23.1    98   22.7   0.0 -99.9  1007.8  0.20 
20190611 21 55   23.1    98   22.7   0.0 -99.9  1007.9  0.20 
20190611 22 00   23.1    97   22.6   0.0 -99.9  1008.0  0.00 
20190611 22 05   23.1    97   22.6   0.0 -99.9  1008.0  0.00 
20190611 22 10   23.1    97   22.6   0.0 -99.9  1007.9  0.20 
20190611 22 15   23.1    97   22.6   0.0 -99.9  1007.8  0.00 
20190611 22 20   23.1    98   22.8   0.0 -99.9  1008.0  0.00 
20190611 22 25   23.2    98   22.8   0.0 -99.9  1008.0  0.00 
20190611 22 30   23.3    98   22.9   0.0 -99.9  1008.0  0.20 
20190611 22 35   23.2    98   22.9   0.0 -99.9  1007.9  0.00 
20190611 22 40   23.2    97   22.7   0.0 -99.9  1008.0  0.00 
20190611 22 45   23.1    97   22.6   0.0 -99.9  1008.0  0.00 
20190611 22 50   23.1    97   22.6   0.0 -99.9  1007.9  0.00 
20190611 22 55   23.2    97   22.7   0.0 -99.9  1008.0  0.20 
20190611 23 00   23.2    97   22.7   0.0 -99.9  1007.9  0.00 
20190611 23 05   23.1    97   22.6   0.0 -99.9  1007.8  0.00 
20190611 23 10   23.1    97   22.6   0.0 -99.9  1007.8  0.00 
20190611 23 15   23.1    97   22.6   0.0 -99.9  1007.7  0.00 
20190611 23 20   23.2    97   22.7   0.0 -99.9  1007.7  0.00 
20190611 23 25   23.2    97   22.7   0.0 -99.9  1007.6  0.00 
20190611 23 30   23.2    97   22.7   0.0 -99.9  1007.5  0.00 
20190611 23 35   23.2    98   22.9   0.0 -99.9  1007.5  0.00 
20190611 23 40   23.3    98   22.9   0.0 -99.9  1007.5  0.00 
20190611 23 45   23.3    98   23.0   0.0 -99.9  1007.4  0.00 
20190611 23 50   23.3    98   23.0   0.0 -99.9  1007.3  0.00 
20190611 23 55   23.2    97   22.7   0.0 -99.9  1007.1  0.00 
20190612  0 00   23.2    98   22.9   0.0 -99.9  1007.0  0.00 
